0.00000,	0.00000,	0.00000
2.02390,	2.02390,	0.00000
0.00000,	2.02390,	2.02390
2.02390,	0.00000,	2.02390
0.00000,	0.00000,	4.04780
2.02390,	2.02390,	4.04780
0.00000,	2.02390,	6.07170
2.02390,	0.00000,	6.07170
0.00000,	4.04780,	0.00000
2.02390,	6.07170,	0.00000
0.00000,	6.07170,	2.02390
2.02390,	4.04780,	2.02390
0.00000,	4.04780,	4.04780
2.02390,	6.07170,	4.04780
0.00000,	6.07170,	6.07170
2.02390,	4.04780,	6.07170
4.04780,	0.00000,	0.00000
6.07170,	2.02390,	0.00000
4.04780,	2.02390,	2.02390
6.07170,	0.00000,	2.02390
4.04780,	0.00000,	4.04780
6.07170,	2.02390,	4.04780
4.04780,	2.02390,	6.07170
6.07170,	0.00000,	6.07170
4.04780,	4.04780,	0.00000
6.07170,	6.07170,	0.00000
4.04780,	6.07170,	2.02390
6.07170,	4.04780,	2.02390
4.04780,	4.04780,	4.04780
6.07170,	6.07170,	4.04780
4.04780,	6.07170,	6.07170
6.07170,	4.04780,	6.07170
