-3.61504,	-3.61504,	-3.61504
-1.80752,	-1.80752,	-3.61504
-3.61504,	-1.80752,	-1.80752
-1.80752,	-3.61504,	-1.80752
-3.61504,	-3.61504,	0.00000
-1.80752,	-1.80752,	0.00000
-3.61504,	-1.80752,	1.80752
-1.80752,	-3.61504,	1.80752
-3.61504,	-3.61504,	3.61504
-1.80752,	-1.80752,	3.61504
-3.61504,	-1.80752,	5.42256
-1.80752,	-3.61504,	5.42256
-3.61504,	0.00000,	-3.61504
-1.80752,	1.80752,	-3.61504
-3.61504,	1.80752,	-1.80752
-1.80752,	0.00000,	-1.80752
-3.61504,	0.00000,	0.00000
-1.80752,	1.80752,	0.00000
-3.61504,	1.80752,	1.80752
-1.80752,	0.00000,	1.80752
-3.61504,	0.00000,	3.61504
-1.80752,	1.80752,	3.61504
-3.61504,	1.80752,	5.42256
-1.80752,	0.00000,	5.42256
-3.61504,	3.61504,	-3.61504
-1.80752,	5.42256,	-3.61504
-3.61504,	5.42256,	-1.80752
-1.80752,	3.61504,	-1.80752
-3.61504,	3.61504,	0.00000
-1.80752,	5.42256,	0.00000
-3.61504,	5.42256,	1.80752
-1.80752,	3.61504,	1.80752
-3.61504,	3.61504,	3.61504
-1.80752,	5.42256,	3.61504
-3.61504,	5.42256,	5.42256
-1.80752,	3.61504,	5.42256
0.00000,	-3.61504,	-3.61504
1.80752,	-1.80752,	-3.61504
0.00000,	-1.80752,	-1.80752
1.80752,	-3.61504,	-1.80752
0.00000,	-3.61504,	0.00000
1.80752,	-1.80752,	0.00000
0.00000,	-1.80752,	1.80752
1.80752,	-3.61504,	1.80752
0.00000,	-3.61504,	3.61504
1.80752,	-1.80752,	3.61504
0.00000,	-1.80752,	5.42256
1.80752,	-3.61504,	5.42256
0.00000,	0.00000,	-3.61504
1.80752,	1.80752,	-3.61504
0.00000,	1.80752,	-1.80752
1.80752,	0.00000,	-1.80752
0.00000,	0.00000,	0.00000
1.80752,	1.80752,	0.00000
0.00000,	1.80752,	1.80752
1.80752,	0.00000,	1.80752
0.00000,	0.00000,	3.61504
1.80752,	1.80752,	3.61504
0.00000,	1.80752,	5.42256
1.80752,	0.00000,	5.42256
0.00000,	3.61504,	-3.61504
1.80752,	5.42256,	-3.61504
0.00000,	5.42256,	-1.80752
1.80752,	3.61504,	-1.80752
0.00000,	3.61504,	0.00000
1.80752,	5.42256,	0.00000
0.00000,	5.42256,	1.80752
1.80752,	3.61504,	1.80752
0.00000,	3.61504,	3.61504
1.80752,	5.42256,	3.61504
0.00000,	5.42256,	5.42256
1.80752,	3.61504,	5.42256
3.61504,	-3.61504,	-3.61504
5.42256,	-1.80752,	-3.61504
3.61504,	-1.80752,	-1.80752
5.42256,	-3.61504,	-1.80752
3.61504,	-3.61504,	0.00000
5.42256,	-1.80752,	0.00000
3.61504,	-1.80752,	1.80752
5.42256,	-3.61504,	1.80752
3.61504,	-3.61504,	3.61504
5.42256,	-1.80752,	3.61504
3.61504,	-1.80752,	5.42256
5.42256,	-3.61504,	5.42256
3.61504,	0.00000,	-3.61504
5.42256,	1.80752,	-3.61504
3.61504,	1.80752,	-1.80752
5.42256,	0.00000,	-1.80752
3.61504,	0.00000,	0.00000
5.42256,	1.80752,	0.00000
3.61504,	1.80752,	1.80752
5.42256,	0.00000,	1.80752
3.61504,	0.00000,	3.61504
5.42256,	1.80752,	3.61504
3.61504,	1.80752,	5.42256
5.42256,	0.00000,	5.42256
3.61504,	3.61504,	-3.61504
5.42256,	5.42256,	-3.61504
3.61504,	5.42256,	-1.80752
5.42256,	3.61504,	-1.80752
3.61504,	3.61504,	0.00000
5.42256,	5.42256,	0.00000
3.61504,	5.42256,	1.80752
5.42256,	3.61504,	1.80752
3.61504,	3.61504,	3.61504
5.42256,	5.42256,	3.61504
3.61504,	5.42256,	5.42256
5.42256,	3.61504,	5.42256
