-4.04780,	-4.04780,	-4.04780
-2.02390,	-2.02390,	-4.04780
-4.04780,	-2.02390,	-2.02390
-2.02390,	-4.04780,	-2.02390
-4.04780,	-4.04780,	0.00000
-2.02390,	-2.02390,	0.00000
-4.04780,	-2.02390,	2.02390
-2.02390,	-4.04780,	2.02390
-4.04780,	-4.04780,	4.04780
-2.02390,	-2.02390,	4.04780
-4.04780,	-2.02390,	6.07170
-2.02390,	-4.04780,	6.07170
-4.04780,	-4.04780,	8.09560
-2.02390,	-2.02390,	8.09560
-4.04780,	-2.02390,	10.11950
-2.02390,	-4.04780,	10.11950
-4.04780,	0.00000,	-4.04780
-2.02390,	2.02390,	-4.04780
-4.04780,	2.02390,	-2.02390
-2.02390,	0.00000,	-2.02390
-4.04780,	0.00000,	0.00000
-2.02390,	2.02390,	0.00000
-4.04780,	2.02390,	2.02390
-2.02390,	0.00000,	2.02390
-4.04780,	0.00000,	4.04780
-2.02390,	2.02390,	4.04780
-4.04780,	2.02390,	6.07170
-2.02390,	0.00000,	6.07170
-4.04780,	0.00000,	8.09560
-2.02390,	2.02390,	8.09560
-4.04780,	2.02390,	10.11950
-2.02390,	0.00000,	10.11950
-4.04780,	4.04780,	-4.04780
-2.02390,	6.07170,	-4.04780
-4.04780,	6.07170,	-2.02390
-2.02390,	4.04780,	-2.02390
-4.04780,	4.04780,	0.00000
-2.02390,	6.07170,	0.00000
-4.04780,	6.07170,	2.02390
-2.02390,	4.04780,	2.02390
-4.04780,	4.04780,	4.04780
-2.02390,	6.07170,	4.04780
-4.04780,	6.07170,	6.07170
-2.02390,	4.04780,	6.07170
-4.04780,	4.04780,	8.09560
-2.02390,	6.07170,	8.09560
-4.04780,	6.07170,	10.11950
-2.02390,	4.04780,	10.11950
-4.04780,	8.09560,	-4.04780
-2.02390,	10.11950,	-4.04780
-4.04780,	10.11950,	-2.02390
-2.02390,	8.09560,	-2.02390
-4.04780,	8.09560,	0.00000
-2.02390,	10.11950,	0.00000
-4.04780,	10.11950,	2.02390
-2.02390,	8.09560,	2.02390
-4.04780,	8.09560,	4.04780
-2.02390,	10.11950,	4.04780
-4.04780,	10.11950,	6.07170
-2.02390,	8.09560,	6.07170
-4.04780,	8.09560,	8.09560
-2.02390,	10.11950,	8.09560
-4.04780,	10.11950,	10.11950
-2.02390,	8.09560,	10.11950
0.00000,	-4.04780,	-4.04780
2.02390,	-2.02390,	-4.04780
0.00000,	-2.02390,	-2.02390
2.02390,	-4.04780,	-2.02390
0.00000,	-4.04780,	0.00000
2.02390,	-2.02390,	0.00000
0.00000,	-2.02390,	2.02390
2.02390,	-4.04780,	2.02390
0.00000,	-4.04780,	4.04780
2.02390,	-2.02390,	4.04780
0.00000,	-2.02390,	6.07170
2.02390,	-4.04780,	6.07170
0.00000,	-4.04780,	8.09560
2.02390,	-2.02390,	8.09560
0.00000,	-2.02390,	10.11950
2.02390,	-4.04780,	10.11950
0.00000,	0.00000,	-4.04780
2.02390,	2.02390,	-4.04780
0.00000,	2.02390,	-2.02390
2.02390,	0.00000,	-2.02390
0.00000,	0.00000,	0.00000
2.02390,	2.02390,	0.00000
0.00000,	2.02390,	2.02390
2.02390,	0.00000,	2.02390
0.00000,	0.00000,	4.04780
2.02390,	2.02390,	4.04780
0.00000,	2.02390,	6.07170
2.02390,	0.00000,	6.07170
0.00000,	0.00000,	8.09560
2.02390,	2.02390,	8.09560
0.00000,	2.02390,	10.11950
2.02390,	0.00000,	10.11950
0.00000,	4.04780,	-4.04780
2.02390,	6.07170,	-4.04780
0.00000,	6.07170,	-2.02390
2.02390,	4.04780,	-2.02390
0.00000,	4.04780,	0.00000
2.02390,	6.07170,	0.00000
0.00000,	6.07170,	2.02390
2.02390,	4.04780,	2.02390
0.00000,	4.04780,	4.04780
2.02390,	6.07170,	4.04780
0.00000,	6.07170,	6.07170
2.02390,	4.04780,	6.07170
0.00000,	4.04780,	8.09560
2.02390,	6.07170,	8.09560
0.00000,	6.07170,	10.11950
2.02390,	4.04780,	10.11950
0.00000,	8.09560,	-4.04780
2.02390,	10.11950,	-4.04780
0.00000,	10.11950,	-2.02390
2.02390,	8.09560,	-2.02390
0.00000,	8.09560,	0.00000
2.02390,	10.11950,	0.00000
0.00000,	10.11950,	2.02390
2.02390,	8.09560,	2.02390
0.00000,	8.09560,	4.04780
2.02390,	10.11950,	4.04780
0.00000,	10.11950,	6.07170
2.02390,	8.09560,	6.07170
0.00000,	8.09560,	8.09560
2.02390,	10.11950,	8.09560
0.00000,	10.11950,	10.11950
2.02390,	8.09560,	10.11950
4.04780,	-4.04780,	-4.04780
6.07170,	-2.02390,	-4.04780
4.04780,	-2.02390,	-2.02390
6.07170,	-4.04780,	-2.02390
4.04780,	-4.04780,	0.00000
6.07170,	-2.02390,	0.00000
4.04780,	-2.02390,	2.02390
6.07170,	-4.04780,	2.02390
4.04780,	-4.04780,	4.04780
6.07170,	-2.02390,	4.04780
4.04780,	-2.02390,	6.07170
6.07170,	-4.04780,	6.07170
4.04780,	-4.04780,	8.09560
6.07170,	-2.02390,	8.09560
4.04780,	-2.02390,	10.11950
6.07170,	-4.04780,	10.11950
4.04780,	0.00000,	-4.04780
6.07170,	2.02390,	-4.04780
4.04780,	2.02390,	-2.02390
6.07170,	0.00000,	-2.02390
4.04780,	0.00000,	0.00000
6.07170,	2.02390,	0.00000
4.04780,	2.02390,	2.02390
6.07170,	0.00000,	2.02390
4.04780,	0.00000,	4.04780
6.07170,	2.02390,	4.04780
4.04780,	2.02390,	6.07170
6.07170,	0.00000,	6.07170
4.04780,	0.00000,	8.09560
6.07170,	2.02390,	8.09560
4.04780,	2.02390,	10.11950
6.07170,	0.00000,	10.11950
4.04780,	4.04780,	-4.04780
6.07170,	6.07170,	-4.04780
4.04780,	6.07170,	-2.02390
6.07170,	4.04780,	-2.02390
4.04780,	4.04780,	0.00000
6.07170,	6.07170,	0.00000
4.04780,	6.07170,	2.02390
6.07170,	4.04780,	2.02390
4.04780,	4.04780,	4.04780
6.07170,	6.07170,	4.04780
4.04780,	6.07170,	6.07170
6.07170,	4.04780,	6.07170
4.04780,	4.04780,	8.09560
6.07170,	6.07170,	8.09560
4.04780,	6.07170,	10.11950
6.07170,	4.04780,	10.11950
4.04780,	8.09560,	-4.04780
6.07170,	10.11950,	-4.04780
4.04780,	10.11950,	-2.02390
6.07170,	8.09560,	-2.02390
4.04780,	8.09560,	0.00000
6.07170,	10.11950,	0.00000
4.04780,	10.11950,	2.02390
6.07170,	8.09560,	2.02390
4.04780,	8.09560,	4.04780
6.07170,	10.11950,	4.04780
4.04780,	10.11950,	6.07170
6.07170,	8.09560,	6.07170
4.04780,	8.09560,	8.09560
6.07170,	10.11950,	8.09560
4.04780,	10.11950,	10.11950
6.07170,	8.09560,	10.11950
8.09560,	-4.04780,	-4.04780
10.11950,	-2.02390,	-4.04780
8.09560,	-2.02390,	-2.02390
10.11950,	-4.04780,	-2.02390
8.09560,	-4.04780,	0.00000
10.11950,	-2.02390,	0.00000
8.09560,	-2.02390,	2.02390
10.11950,	-4.04780,	2.02390
8.09560,	-4.04780,	4.04780
10.11950,	-2.02390,	4.04780
8.09560,	-2.02390,	6.07170
10.11950,	-4.04780,	6.07170
8.09560,	-4.04780,	8.09560
10.11950,	-2.02390,	8.09560
8.09560,	-2.02390,	10.11950
10.11950,	-4.04780,	10.11950
8.09560,	0.00000,	-4.04780
10.11950,	2.02390,	-4.04780
8.09560,	2.02390,	-2.02390
10.11950,	0.00000,	-2.02390
8.09560,	0.00000,	0.00000
10.11950,	2.02390,	0.00000
8.09560,	2.02390,	2.02390
10.11950,	0.00000,	2.02390
8.09560,	0.00000,	4.04780
10.11950,	2.02390,	4.04780
8.09560,	2.02390,	6.07170
10.11950,	0.00000,	6.07170
8.09560,	0.00000,	8.09560
10.11950,	2.02390,	8.09560
8.09560,	2.02390,	10.11950
10.11950,	0.00000,	10.11950
8.09560,	4.04780,	-4.04780
10.11950,	6.07170,	-4.04780
8.09560,	6.07170,	-2.02390
10.11950,	4.04780,	-2.02390
8.09560,	4.04780,	0.00000
10.11950,	6.07170,	0.00000
8.09560,	6.07170,	2.02390
10.11950,	4.04780,	2.02390
8.09560,	4.04780,	4.04780
10.11950,	6.07170,	4.04780
8.09560,	6.07170,	6.07170
10.11950,	4.04780,	6.07170
8.09560,	4.04780,	8.09560
10.11950,	6.07170,	8.09560
8.09560,	6.07170,	10.11950
10.11950,	4.04780,	10.11950
8.09560,	8.09560,	-4.04780
10.11950,	10.11950,	-4.04780
8.09560,	10.11950,	-2.02390
10.11950,	8.09560,	-2.02390
8.09560,	8.09560,	0.00000
10.11950,	10.11950,	0.00000
8.09560,	10.11950,	2.02390
10.11950,	8.09560,	2.02390
8.09560,	8.09560,	4.04780
10.11950,	10.11950,	4.04780
8.09560,	10.11950,	6.07170
10.11950,	8.09560,	6.07170
8.09560,	8.09560,	8.09560
10.11950,	10.11950,	8.09560
8.09560,	10.11950,	10.11950
10.11950,	8.09560,	10.11950
