-3.61504,	-3.61504,	-3.61504
-1.80752,	-1.80752,	-3.61504
-3.61504,	-1.80752,	-1.80752
-1.80752,	-3.61504,	-1.80752
-3.61504,	-3.61504,	0.00000
-1.80752,	-1.80752,	0.00000
-3.61504,	-1.80752,	1.80752
-1.80752,	-3.61504,	1.80752
-3.61504,	-3.61504,	3.61504
-1.80752,	-1.80752,	3.61504
-3.61504,	-1.80752,	5.42256
-1.80752,	-3.61504,	5.42256
-3.61504,	-3.61504,	7.23008
-1.80752,	-1.80752,	7.23008
-3.61504,	-1.80752,	9.03760
-1.80752,	-3.61504,	9.03760
-3.61504,	0.00000,	-3.61504
-1.80752,	1.80752,	-3.61504
-3.61504,	1.80752,	-1.80752
-1.80752,	0.00000,	-1.80752
-3.61504,	0.00000,	0.00000
-1.80752,	1.80752,	0.00000
-3.61504,	1.80752,	1.80752
-1.80752,	0.00000,	1.80752
-3.61504,	0.00000,	3.61504
-1.80752,	1.80752,	3.61504
-3.61504,	1.80752,	5.42256
-1.80752,	0.00000,	5.42256
-3.61504,	0.00000,	7.23008
-1.80752,	1.80752,	7.23008
-3.61504,	1.80752,	9.03760
-1.80752,	0.00000,	9.03760
-3.61504,	3.61504,	-3.61504
-1.80752,	5.42256,	-3.61504
-3.61504,	5.42256,	-1.80752
-1.80752,	3.61504,	-1.80752
-3.61504,	3.61504,	0.00000
-1.80752,	5.42256,	0.00000
-3.61504,	5.42256,	1.80752
-1.80752,	3.61504,	1.80752
-3.61504,	3.61504,	3.61504
-1.80752,	5.42256,	3.61504
-3.61504,	5.42256,	5.42256
-1.80752,	3.61504,	5.42256
-3.61504,	3.61504,	7.23008
-1.80752,	5.42256,	7.23008
-3.61504,	5.42256,	9.03760
-1.80752,	3.61504,	9.03760
-3.61504,	7.23008,	-3.61504
-1.80752,	9.03760,	-3.61504
-3.61504,	9.03760,	-1.80752
-1.80752,	7.23008,	-1.80752
-3.61504,	7.23008,	0.00000
-1.80752,	9.03760,	0.00000
-3.61504,	9.03760,	1.80752
-1.80752,	7.23008,	1.80752
-3.61504,	7.23008,	3.61504
-1.80752,	9.03760,	3.61504
-3.61504,	9.03760,	5.42256
-1.80752,	7.23008,	5.42256
-3.61504,	7.23008,	7.23008
-1.80752,	9.03760,	7.23008
-3.61504,	9.03760,	9.03760
-1.80752,	7.23008,	9.03760
0.00000,	-3.61504,	-3.61504
1.80752,	-1.80752,	-3.61504
0.00000,	-1.80752,	-1.80752
1.80752,	-3.61504,	-1.80752
0.00000,	-3.61504,	0.00000
1.80752,	-1.80752,	0.00000
0.00000,	-1.80752,	1.80752
1.80752,	-3.61504,	1.80752
0.00000,	-3.61504,	3.61504
1.80752,	-1.80752,	3.61504
0.00000,	-1.80752,	5.42256
1.80752,	-3.61504,	5.42256
0.00000,	-3.61504,	7.23008
1.80752,	-1.80752,	7.23008
0.00000,	-1.80752,	9.03760
1.80752,	-3.61504,	9.03760
0.00000,	0.00000,	-3.61504
1.80752,	1.80752,	-3.61504
0.00000,	1.80752,	-1.80752
1.80752,	0.00000,	-1.80752
0.00000,	0.00000,	0.00000
1.80752,	1.80752,	0.00000
0.00000,	1.80752,	1.80752
1.80752,	0.00000,	1.80752
0.00000,	0.00000,	3.61504
1.80752,	1.80752,	3.61504
0.00000,	1.80752,	5.42256
1.80752,	0.00000,	5.42256
0.00000,	0.00000,	7.23008
1.80752,	1.80752,	7.23008
0.00000,	1.80752,	9.03760
1.80752,	0.00000,	9.03760
0.00000,	3.61504,	-3.61504
1.80752,	5.42256,	-3.61504
0.00000,	5.42256,	-1.80752
1.80752,	3.61504,	-1.80752
0.00000,	3.61504,	0.00000
1.80752,	5.42256,	0.00000
0.00000,	5.42256,	1.80752
1.80752,	3.61504,	1.80752
0.00000,	3.61504,	3.61504
1.80752,	5.42256,	3.61504
0.00000,	5.42256,	5.42256
1.80752,	3.61504,	5.42256
0.00000,	3.61504,	7.23008
1.80752,	5.42256,	7.23008
0.00000,	5.42256,	9.03760
1.80752,	3.61504,	9.03760
0.00000,	7.23008,	-3.61504
1.80752,	9.03760,	-3.61504
0.00000,	9.03760,	-1.80752
1.80752,	7.23008,	-1.80752
0.00000,	7.23008,	0.00000
1.80752,	9.03760,	0.00000
0.00000,	9.03760,	1.80752
1.80752,	7.23008,	1.80752
0.00000,	7.23008,	3.61504
1.80752,	9.03760,	3.61504
0.00000,	9.03760,	5.42256
1.80752,	7.23008,	5.42256
0.00000,	7.23008,	7.23008
1.80752,	9.03760,	7.23008
0.00000,	9.03760,	9.03760
1.80752,	7.23008,	9.03760
3.61504,	-3.61504,	-3.61504
5.42256,	-1.80752,	-3.61504
3.61504,	-1.80752,	-1.80752
5.42256,	-3.61504,	-1.80752
3.61504,	-3.61504,	0.00000
5.42256,	-1.80752,	0.00000
3.61504,	-1.80752,	1.80752
5.42256,	-3.61504,	1.80752
3.61504,	-3.61504,	3.61504
5.42256,	-1.80752,	3.61504
3.61504,	-1.80752,	5.42256
5.42256,	-3.61504,	5.42256
3.61504,	-3.61504,	7.23008
5.42256,	-1.80752,	7.23008
3.61504,	-1.80752,	9.03760
5.42256,	-3.61504,	9.03760
3.61504,	0.00000,	-3.61504
5.42256,	1.80752,	-3.61504
3.61504,	1.80752,	-1.80752
5.42256,	0.00000,	-1.80752
3.61504,	0.00000,	0.00000
5.42256,	1.80752,	0.00000
3.61504,	1.80752,	1.80752
5.42256,	0.00000,	1.80752
3.61504,	0.00000,	3.61504
5.42256,	1.80752,	3.61504
3.61504,	1.80752,	5.42256
5.42256,	0.00000,	5.42256
3.61504,	0.00000,	7.23008
5.42256,	1.80752,	7.23008
3.61504,	1.80752,	9.03760
5.42256,	0.00000,	9.03760
3.61504,	3.61504,	-3.61504
5.42256,	5.42256,	-3.61504
3.61504,	5.42256,	-1.80752
5.42256,	3.61504,	-1.80752
3.61504,	3.61504,	0.00000
5.42256,	5.42256,	0.00000
3.61504,	5.42256,	1.80752
5.42256,	3.61504,	1.80752
3.61504,	3.61504,	3.61504
5.42256,	5.42256,	3.61504
3.61504,	5.42256,	5.42256
5.42256,	3.61504,	5.42256
3.61504,	3.61504,	7.23008
5.42256,	5.42256,	7.23008
3.61504,	5.42256,	9.03760
5.42256,	3.61504,	9.03760
3.61504,	7.23008,	-3.61504
5.42256,	9.03760,	-3.61504
3.61504,	9.03760,	-1.80752
5.42256,	7.23008,	-1.80752
3.61504,	7.23008,	0.00000
5.42256,	9.03760,	0.00000
3.61504,	9.03760,	1.80752
5.42256,	7.23008,	1.80752
3.61504,	7.23008,	3.61504
5.42256,	9.03760,	3.61504
3.61504,	9.03760,	5.42256
5.42256,	7.23008,	5.42256
3.61504,	7.23008,	7.23008
5.42256,	9.03760,	7.23008
3.61504,	9.03760,	9.03760
5.42256,	7.23008,	9.03760
7.23008,	-3.61504,	-3.61504
9.03760,	-1.80752,	-3.61504
7.23008,	-1.80752,	-1.80752
9.03760,	-3.61504,	-1.80752
7.23008,	-3.61504,	0.00000
9.03760,	-1.80752,	0.00000
7.23008,	-1.80752,	1.80752
9.03760,	-3.61504,	1.80752
7.23008,	-3.61504,	3.61504
9.03760,	-1.80752,	3.61504
7.23008,	-1.80752,	5.42256
9.03760,	-3.61504,	5.42256
7.23008,	-3.61504,	7.23008
9.03760,	-1.80752,	7.23008
7.23008,	-1.80752,	9.03760
9.03760,	-3.61504,	9.03760
7.23008,	0.00000,	-3.61504
9.03760,	1.80752,	-3.61504
7.23008,	1.80752,	-1.80752
9.03760,	0.00000,	-1.80752
7.23008,	0.00000,	0.00000
9.03760,	1.80752,	0.00000
7.23008,	1.80752,	1.80752
9.03760,	0.00000,	1.80752
7.23008,	0.00000,	3.61504
9.03760,	1.80752,	3.61504
7.23008,	1.80752,	5.42256
9.03760,	0.00000,	5.42256
7.23008,	0.00000,	7.23008
9.03760,	1.80752,	7.23008
7.23008,	1.80752,	9.03760
9.03760,	0.00000,	9.03760
7.23008,	3.61504,	-3.61504
9.03760,	5.42256,	-3.61504
7.23008,	5.42256,	-1.80752
9.03760,	3.61504,	-1.80752
7.23008,	3.61504,	0.00000
9.03760,	5.42256,	0.00000
7.23008,	5.42256,	1.80752
9.03760,	3.61504,	1.80752
7.23008,	3.61504,	3.61504
9.03760,	5.42256,	3.61504
7.23008,	5.42256,	5.42256
9.03760,	3.61504,	5.42256
7.23008,	3.61504,	7.23008
9.03760,	5.42256,	7.23008
7.23008,	5.42256,	9.03760
9.03760,	3.61504,	9.03760
7.23008,	7.23008,	-3.61504
9.03760,	9.03760,	-3.61504
7.23008,	9.03760,	-1.80752
9.03760,	7.23008,	-1.80752
7.23008,	7.23008,	0.00000
9.03760,	9.03760,	0.00000
7.23008,	9.03760,	1.80752
9.03760,	7.23008,	1.80752
7.23008,	7.23008,	3.61504
9.03760,	9.03760,	3.61504
7.23008,	9.03760,	5.42256
9.03760,	7.23008,	5.42256
7.23008,	7.23008,	7.23008
9.03760,	9.03760,	7.23008
7.23008,	9.03760,	9.03760
9.03760,	7.23008,	9.03760
